858123771668037633
858123773136044032
858123774629228545
858123776847949826
858123777242050560
858123777086980096
858123778135539712
858123779125293056
858123781122011136
858123781172277253
858123781390430208
858123781159649280
858123782531186689
858123783890141188
858123784041242624
858123786184511488
858123786150916096
858123787975503872
858123787971293184
858123788998905856
858123788696866817
858123790290751488
858123790621884416
858123794153562112
858123794929643522
858123795936280576
858123795160236033
858123795080650752
858123797106483202
858123798599618560
858123800008957952
858123800147365890
858123802173222912
858123803767054337
858123803947356160
858123803934822400
858123803750256640
858123804085637120
858123804383608832
858123804954046465
858123806791086080
858123809106407424
858123813065719809
858123817797001216
858123819017539584
858123819315277825
858123820615577600
858123822280605700
858123822893076480
858123825296297984
858123825392779265
858123825644523520
858123826470813696
858123829431980032
858123828538613761
858123830283255808
858123831386439681
858123835496951808
858123837065527296
858123837895987200
858123839066255360
858123839368298500
858123840383332353
858123840685256705
858123841079574531
858123841595420673
858123845781389312
858123845890453504
858123846553141249
858123847811317761
858123849459806217
858123851435188226
858123852332904448
858123854379589632
858123854312595457
858123854769770496
858123858053914625
858123858943062017
858123860859920384
858123862634106880
858123864274075650
858123866899722240
858123867570659329
858123872155074560
858123873073725440
858123873467867136
858123874839519232
858123876307488768
858123881164525568
858123882104049664
858123886650642432
858123888340946944
858123888437473280
858123888290660353
858123890446524418
858123890387820544
858123892170391553
858123893516771328
858123895567773696
858123896050130944
858123896414928897
858123899610865664
858123901519507456
858123903654256640
858123903356608512
858123904359051265
858123904723955712
858123907383087106
858123907353784320
858123907743625216
858123906481242112
858123907781578753
858123909346021377
858123909568356353
858123910847574016
858123909627097089
858123912621604865
858123912827342848
858123913087332352
858123913611677698
858123914911797250
858123915130003456
858123915054518272
858123918116175873
858123921270419456
858123922348396545
858123922511974401
858123926538395648
858123926878203905
858123924546224130
858123927343812608
858123928358735872
858123933219999745
858123934696341504
858123934960504833
858123935757459456
858123936336408576
858123937041059841
858123936667533312
858123941398822912
858123940551688196
858123942602522624
858123942657130497
858123943848402944
858123949628022784
858123949498085376
858123949762387969
858123951008100354
858123951746232321
858123952555687936
858123952811540483
858123955940450304
858123956158648320
858123962710188034
858123963419033600
858123963716714496
858123967873208320
858123970696040448
858123972763955200
858123972570992641
858123978292043777
858123979831132160
858123980175278085
858123980636643328
858123980443615232
858123982817681408
858123981987119105
858123985875120128
858123985489240064
858123986361884672
858123985698955264
858123987716636678
858123987162976256
858123988639268865
858123990329589760
858123990652436480
858123991440965632
858123992544104448
858123994184155141
858123995937468416
858123996914700289
858123998156271619
858123996822470657
858123998974144512
858123998454054914
858123998122651648
858124001717125121
858124001901768704
858124002686115841
858124004904894464
858124006234484736
858124006091784192
858124007123677184
858124007387705345
858124007429877760
858124009044680704
858124007345975296
858124009694691328
858124012626563073
858124013838770177
858124014165864448
858124014920896513
858124017307455489
858124018473463808
858124017798176768
858124021799428100
858124021728202754
858124021510139905
858124021786963968
858124023192014849
858124024395612160
858124025746173952
858124027516399616
858124028212588544
858124028149682177
858124029278003201
858124030213337088
858124030464974848
858124030204837888
858124031412785153
858124034764156928
858124035808309248
858124036550909953
858124037595086848
858124037993705472
858124038551597056
858124039801503745
858124041269510145
858124041852526592
858124041672065024
858124044050345990
858124046684360705
858124050287087616
858124051528654848
858124052354916352
858124053537841154
858124054565314560
858124056809402368
858124059917287428
858124059661529088
858124061653651456
858124062828228609
858124063620956160
858124064027574272
858124065462251520
858124065957183488
858124067785912320
858124068918362112
858124069450825728
858124071363588100
858124074622394368
858124077877387266
858124079651573765
858124080851042304
858124083652956160
858124082872758272
858124084537950210
858124082973487104
858124083606814720
858124086630916097
858124089281708034
858124091915632640
858124091253030912
858124093635387392
858124093564084226
858124095740723200
858124097988984832
858124098484023296
858124103818948608
858124104653836293
858124105983418368
858124105677234176
858124106666958848
858124106436419584
858124107254304768
858124107430465537
858124107568869376
858124108545966080
858124109573742592
858124110542643201
858124112648175616
858124110928523264